a = 6378137
b = 6356752.3
e = sqrt(1-(b^2 / a^2))